0
2441
4882
7324
9765
12207
14648
17089
19531
21972
24414
26855
29296
31738
34179
36621
39062
41503
43945
46386
48828
51269
53710
56152
58593
61035
63476
65917
68359
70800
73242
75683
78125
80566
83007
85449
87890
90332
92773
95214
97656
100097
102539
104980
107421
109863
112304
114746
117187
119628
122070
124511
126953
129394
131835
134277
136718
139160
141601
144042
146484
148925
151367
153808
156250
158691
161132
163574
166015
168457
170898
173339
175781
178222
180664
183105
185546
187988
190429
192871
195312
197753
200195
202636
205078
207519
209960
212402
214843
217285
219726
222167
224609
227050
229492
231933
234375
236816
239257
241699
244140
246582
249023
251464
253906
256347
258789
261230
263671
266113
268554
270996
273437
275878
278320
280761
283203
285644
288085
290527
292968
295410
297851
300292
302734
305175
307617
310058
312500
314941
317382
319824
322265
324707
327148
329589
332031
334472
336914
339355
341796
344238
346679
349121
351562
354003
356445
358886
361328
363769
366210
368652
371093
373535
375976
378417
380859
383300
385742
388183
390625
393066
395507
397949
400390
402832
405273
407714
410156
412597
415039
417480
419921
422363
424804
427246
429687
432128
434570
437011
439453
441894
444335
446777
449218
451660
454101
456542
458984
461425
463867
466308
468750
471191
473632
476074
478515
480957
483398
485839
488281
490722
493164
495605
498046
500488
502929
505371
507812
510253
512695
515136
517578
520019
522460
524902
527343
529785
532226
534667
537109
539550
541992
544433
546875
549316
551757
554199
556640
559082
561523
563964
566406
568847
571289
573730
576171
578613
581054
583496
585937
588378
590820
593261
595703
598144
600585
603027
605468
607910
610351
612792
615234
617675
620117
622558
625000
627441
629882
632324
634765
637207
639648
642089
644531
646972
649414
651855
654296
656738
659179
661621
664062
666503
668945
671386
673828
676269
678710
681152
683593
686035
688476
690917
693359
695800
698242
700683
703125
705566
708007
710449
712890
715332
717773
720214
722656
725097
727539
729980
732421
734863
737304
739746
742187
744628
747070
749511
751953
754394
756835
759277
761718
764160
766601
769042
771484
773925
776367
778808
781250
783691
786132
788574
791015
793457
795898
798339
800781
803222
805664
808105
810546
812988
815429
817871
820312
822753
825195
827636
830078
832519
834960
837402
839843
842285
844726
847167
849609
852050
854492
856933
859375
861816
864257
866699
869140
871582
874023
876464
878906
881347
883789
886230
888671
891113
893554
895996
898437
900878
903320
905761
908203
910644
913085
915527
917968
920410
922851
925292
927734
930175
932617
935058
937500
939941
942382
944824
947265
949707
952148
954589
957031
959472
961914
964355
966796
969238
971679
974121
976562
979003
981445
983886
986328
988769
991210
993652
996093
998535
1000976
1003417
1005859
1008300
1010742
1013183
1015625
1018066
1020507
1022949
1025390
1027832
1030273
1032714
1035156
1037597
1040039
1042480
1044921
1047363
1049804
1052246
1054687
1057128
1059570
1062011
1064453
1066894
1069335
1071777
1074218
1076660
1079101
1081542
1083984
1086425
1088867
1091308
1093750
1096191
1098632
1101074
1103515
1105957
1108398
1110839
1113281
1115722
1118164
1120605
1123046
1125488
1127929
1130371
1132812
1135253
1137695
1140136
1142578
1145019
1147460
1149902
1152343
1154785
1157226
1159667
1162109
1164550
1166992
1169433
1171875
1174316
1176757
1179199
1181640
1184082
1186523
1188964
1191406
1193847
1196289
1198730
1201171
1203613
1206054
1208496
1210937
1213378
1215820
1218261
1220703
1223144
1225585
1228027
1230468
1232910
1235351
1237792
1240234
1242675
1245117
1247558
1250000
1252441
1254882
1257324
1259765
1262207
1264648
1267089
1269531
1271972
1274414
1276855
1279296
1281738
1284179
1286621
1289062
1291503
1293945
1296386
1298828
1301269
1303710
1306152
1308593
1311035
1313476
1315917
1318359
1320800
1323242
1325683
1328125
1330566
1333007
1335449
1337890
1340332
1342773
1345214
1347656
1350097
1352539
1354980
1357421
1359863
1362304
1364746
1367187
1369628
1372070
1374511
1376953
1379394
1381835
1384277
1386718
1389160
1391601
1394042
1396484
1398925
1401367
1403808
1406250
1408691
1411132
1413574
1416015
1418457
1420898
1423339
1425781
1428222
1430664
1433105
1435546
1437988
1440429
1442871
1445312
1447753
1450195
1452636
1455078
1457519
1459960
1462402
1464843
1467285
1469726
1472167
1474609
1477050
1479492
1481933
1484375
1486816
1489257
1491699
1494140
1496582
1499023
1501464
1503906
1506347
1508789
1511230
1513671
1516113
1518554
1520996
1523437
1525878
1528320
1530761
1533203
1535644
1538085
1540527
1542968
1545410
1547851
1550292
1552734
1555175
1557617
1560058
1562500
1564941
1567382
1569824
1572265
1574707
1577148
1579589
1582031
1584472
1586914
1589355
1591796
1594238
1596679
1599121
1601562
1604003
1606445
1608886
1611328
1613769
1616210
1618652
1621093
1623535
1625976
1628417
1630859
1633300
1635742
1638183
1640625
1643066
1645507
1647949
1650390
1652832
1655273
1657714
1660156
1662597
1665039
1667480
1669921
1672363
1674804
1677246
1679687
1682128
1684570
1687011
1689453
1691894
1694335
1696777
1699218
1701660
1704101
1706542
1708984
1711425
1713867
1716308
1718750
1721191
1723632
1726074
1728515
1730957
1733398
1735839
1738281
1740722
1743164
1745605
1748046
1750488
1752929
1755371
1757812
1760253
1762695
1765136
1767578
1770019
1772460
1774902
1777343
1779785
1782226
1784667
1787109
1789550
1791992
1794433
1796875
1799316
1801757
1804199
1806640
1809082
1811523
1813964
1816406
1818847
1821289
1823730
1826171
1828613
1831054
1833496
1835937
1838378
1840820
1843261
1845703
1848144
1850585
1853027
1855468
1857910
1860351
1862792
1865234
1867675
1870117
1872558
1875000
1877441
1879882
1882324
1884765
1887207
1889648
1892089
1894531
1896972
1899414
1901855
1904296
1906738
1909179
1911621
1914062
1916503
1918945
1921386
1923828
1926269
1928710
1931152
1933593
1936035
1938476
1940917
1943359
1945800
1948242
1950683
1953125
1955566
1958007
1960449
1962890
1965332
1967773
1970214
1972656
1975097
1977539
1979980
1982421
1984863
1987304
1989746
1992187
1994628
1997070
1999511
2001953
2004394
2006835
2009277
2011718
2014160
2016601
2019042
2021484
2023925
2026367
2028808
2031250
2033691
2036132
2038574
2041015
2043457
2045898
2048339
2050781
2053222
2055664
2058105
2060546
2062988
2065429
2067871
2070312
2072753
2075195
2077636
2080078
2082519
2084960
2087402
2089843
2092285
2094726
2097167
2099609
2102050
2104492
2106933
2109375
2111816
2114257
2116699
2119140
2121582
2124023
2126464
2128906
2131347
2133789
2136230
2138671
2141113
2143554
2145996
2148437
2150878
2153320
2155761
2158203
2160644
2163085
2165527
2167968
2170410
2172851
2175292
2177734
2180175
2182617
2185058
2187500
2189941
2192382
2194824
2197265
2199707
2202148
2204589
2207031
2209472
2211914
2214355
2216796
2219238
2221679
2224121
2226562
2229003
2231445
2233886
2236328
2238769
2241210
2243652
2246093
2248535
2250976
2253417
2255859
2258300
2260742
2263183
2265625
2268066
2270507
2272949
2275390
2277832
2280273
2282714
2285156
2287597
2290039
2292480
2294921
2297363
2299804
2302246
2304687
2307128
2309570
2312011
2314453
2316894
2319335
2321777
2324218
2326660
2329101
2331542
2333984
2336425
2338867
2341308
2343750
2346191
2348632
2351074
2353515
2355957
2358398
2360839
2363281
2365722
2368164
2370605
2373046
2375488
2377929
2380371
2382812
2385253
2387695
2390136
2392578
2395019
2397460
2399902
2402343
2404785
2407226
2409667
2412109
2414550
2416992
2419433
2421875
2424316
2426757
2429199
2431640
2434082
2436523
2438964
2441406
2443847
2446289
2448730
2451171
2453613
2456054
2458496
2460937
2463378
2465820
2468261
2470703
2473144
2475585
2478027
2480468
2482910
2485351
2487792
2490234
2492675
2495117
2497558
2500000
2502441
2504882
2507324
2509765
2512207
2514648
2517089
2519531
2521972
2524414
2526855
2529296
2531738
2534179
2536621
2539062
2541503
2543945
2546386
2548828
2551269
2553710
2556152
2558593
2561035
2563476
2565917
2568359
2570800
2573242
2575683
2578125
2580566
2583007
2585449
2587890
2590332
2592773
2595214
2597656
2600097
2602539
2604980
2607421
2609863
2612304
2614746
2617187
2619628
2622070
2624511
2626953
2629394
2631835
2634277
2636718
2639160
2641601
2644042
2646484
2648925
2651367
2653808
2656250
2658691
2661132
2663574
2666015
2668457
2670898
2673339
2675781
2678222
2680664
2683105
2685546
2687988
2690429
2692871
2695312
2697753
2700195
2702636
2705078
2707519
2709960
2712402
2714843
2717285
2719726
2722167
2724609
2727050
2729492
2731933
2734375
2736816
2739257
2741699
2744140
2746582
2749023
2751464
2753906
2756347
2758789
2761230
2763671
2766113
2768554
2770996
2773437
2775878
2778320
2780761
2783203
2785644
2788085
2790527
2792968
2795410
2797851
2800292
2802734
2805175
2807617
2810058
2812500
2814941
2817382
2819824
2822265
2824707
2827148
2829589
2832031
2834472
2836914
2839355
2841796
2844238
2846679
2849121
2851562
2854003
2856445
2858886
2861328
2863769
2866210
2868652
2871093
2873535
2875976
2878417
2880859
2883300
2885742
2888183
2890625
2893066
2895507
2897949
2900390
2902832
2905273
2907714
2910156
2912597
2915039
2917480
2919921
2922363
2924804
2927246
2929687
2932128
2934570
2937011
2939453
2941894
2944335
2946777
2949218
2951660
2954101
2956542
2958984
2961425
2963867
2966308
2968750
2971191
2973632
2976074
2978515
2980957
2983398
2985839
2988281
2990722
2993164
2995605
2998046
3000488
3002929
3005371
3007812
3010253
3012695
3015136
3017578
3020019
3022460
3024902
3027343
3029785
3032226
3034667
3037109
3039550
3041992
3044433
3046875
3049316
3051757
3054199
3056640
3059082
3061523
3063964
3066406
3068847
3071289
3073730
3076171
3078613
3081054
3083496
3085937
3088378
3090820
3093261
3095703
3098144
3100585
3103027
3105468
3107910
3110351
3112792
3115234
3117675
3120117
3122558
3125000
3127441
3129882
3132324
3134765
3137207
3139648
3142089
3144531
3146972
3149414
3151855
3154296
3156738
3159179
3161621
3164062
3166503
3168945
3171386
3173828
3176269
3178710
3181152
3183593
3186035
3188476
3190917
3193359
3195800
3198242
3200683
3203125
3205566
3208007
3210449
3212890
3215332
3217773
3220214
3222656
3225097
3227539
3229980
3232421
3234863
3237304
3239746
3242187
3244628
3247070
3249511
3251953
3254394
3256835
3259277
3261718
3264160
3266601
3269042
3271484
3273925
3276367
3278808
3281250
3283691
3286132
3288574
3291015
3293457
3295898
3298339
3300781
3303222
3305664
3308105
3310546
3312988
3315429
3317871
3320312
3322753
3325195
3327636
3330078
3332519
3334960
3337402
3339843
3342285
3344726
3347167
3349609
3352050
3354492
3356933
3359375
3361816
3364257
3366699
3369140
3371582
3374023
3376464
3378906
3381347
3383789
3386230
3388671
3391113
3393554
3395996
3398437
3400878
3403320
3405761
3408203
3410644
3413085
3415527
3417968
3420410
3422851
3425292
3427734
3430175
3432617
3435058
3437500
3439941
3442382
3444824
3447265
3449707
3452148
3454589
3457031
3459472
3461914
3464355
3466796
3469238
3471679
3474121
3476562
3479003
3481445
3483886
3486328
3488769
3491210
3493652
3496093
3498535
3500976
3503417
3505859
3508300
3510742
3513183
3515625
3518066
3520507
3522949
3525390
3527832
3530273
3532714
3535156
3537597
3540039
3542480
3544921
3547363
3549804
3552246
3554687
3557128
3559570
3562011
3564453
3566894
3569335
3571777
3574218
3576660
3579101
3581542
3583984
3586425
3588867
3591308
3593750
3596191
3598632
3601074
3603515
3605957
3608398
3610839
3613281
3615722
3618164
3620605
3623046
3625488
3627929
3630371
3632812
3635253
3637695
3640136
3642578
3645019
3647460
3649902
3652343
3654785
3657226
3659667
3662109
3664550
3666992
3669433
3671875
3674316
3676757
3679199
3681640
3684082
3686523
3688964
3691406
3693847
3696289
3698730
3701171
3703613
3706054
3708496
3710937
3713378
3715820
3718261
3720703
3723144
3725585
3728027
3730468
3732910
3735351
3737792
3740234
3742675
3745117
3747558
3750000
3752441
3754882
3757324
3759765
3762207
3764648
3767089
3769531
3771972
3774414
3776855
3779296
3781738
3784179
3786621
3789062
3791503
3793945
3796386
3798828
3801269
3803710
3806152
3808593
3811035
3813476
3815917
3818359
3820800
3823242
3825683
3828125
3830566
3833007
3835449
3837890
3840332
3842773
3845214
3847656
3850097
3852539
3854980
3857421
3859863
3862304
3864746
3867187
3869628
3872070
3874511
3876953
3879394
3881835
3884277
3886718
3889160
3891601
3894042
3896484
3898925
3901367
3903808
3906250
3908691
3911132
3913574
3916015
3918457
3920898
3923339
3925781
3928222
3930664
3933105
3935546
3937988
3940429
3942871
3945312
3947753
3950195
3952636
3955078
3957519
3959960
3962402
3964843
3967285
3969726
3972167
3974609
3977050
3979492
3981933
3984375
3986816
3989257
3991699
3994140
3996582
3999023
4001464
4003906
4006347
4008789
4011230
4013671
4016113
4018554
4020996
4023437
4025878
4028320
4030761
4033203
4035644
4038085
4040527
4042968
4045410
4047851
4050292
4052734
4055175
4057617
4060058
4062500
4064941
4067382
4069824
4072265
4074707
4077148
4079589
4082031
4084472
4086914
4089355
4091796
4094238
4096679
4099121
4101562
4104003
4106445
4108886
4111328
4113769
4116210
4118652
4121093
4123535
4125976
4128417
4130859
4133300
4135742
4138183
4140625
4143066
4145507
4147949
4150390
4152832
4155273
4157714
4160156
4162597
4165039
4167480
4169921
4172363
4174804
4177246
4179687
4182128
4184570
4187011
4189453
4191894
4194335
4196777
4199218
4201660
4204101
4206542
4208984
4211425
4213867
4216308
4218750
4221191
4223632
4226074
4228515
4230957
4233398
4235839
4238281
4240722
4243164
4245605
4248046
4250488
4252929
4255371
4257812
4260253
4262695
4265136
4267578
4270019
4272460
4274902
4277343
4279785
4282226
4284667
4287109
4289550
4291992
4294433
4296875
4299316
4301757
4304199
4306640
4309082
4311523
4313964
4316406
4318847
4321289
4323730
4326171
4328613
4331054
4333496
4335937
4338378
4340820
4343261
4345703
4348144
4350585
4353027
4355468
4357910
4360351
4362792
4365234
4367675
4370117
4372558
4375000
4377441
4379882
4382324
4384765
4387207
4389648
4392089
4394531
4396972
4399414
4401855
4404296
4406738
4409179
4411621
4414062
4416503
4418945
4421386
4423828
4426269
4428710
4431152
4433593
4436035
4438476
4440917
4443359
4445800
4448242
4450683
4453125
4455566
4458007
4460449
4462890
4465332
4467773
4470214
4472656
4475097
4477539
4479980
4482421
4484863
4487304
4489746
4492187
4494628
4497070
4499511
4501953
4504394
4506835
4509277
4511718
4514160
4516601
4519042
4521484
4523925
4526367
4528808
4531250
4533691
4536132
4538574
4541015
4543457
4545898
4548339
4550781
4553222
4555664
4558105
4560546
4562988
4565429
4567871
4570312
4572753
4575195
4577636
4580078
4582519
4584960
4587402
4589843
4592285
4594726
4597167
4599609
4602050
4604492
4606933
4609375
4611816
4614257
4616699
4619140
4621582
4624023
4626464
4628906
4631347
4633789
4636230
4638671
4641113
4643554
4645996
4648437
4650878
4653320
4655761
4658203
4660644
4663085
4665527
4667968
4670410
4672851
4675292
4677734
4680175
4682617
4685058
4687500
4689941
4692382
4694824
4697265
4699707
4702148
4704589
4707031
4709472
4711914
4714355
4716796
4719238
4721679
4724121
4726562
4729003
4731445
4733886
4736328
4738769
4741210
4743652
4746093
4748535
4750976
4753417
4755859
4758300
4760742
4763183
4765625
4768066
4770507
4772949
4775390
4777832
4780273
4782714
4785156
4787597
4790039
4792480
4794921
4797363
4799804
4802246
4804687
4807128
4809570
4812011
4814453
4816894
4819335
4821777
4824218
4826660
4829101
4831542
4833984
4836425
4838867
4841308
4843750
4846191
4848632
4851074
4853515
4855957
4858398
4860839
4863281
4865722
4868164
4870605
4873046
4875488
4877929
4880371
4882812
4885253
4887695
4890136
4892578
4895019
4897460
4899902
4902343
4904785
4907226
4909667
4912109
4914550
4916992
4919433
4921875
4924316
4926757
4929199
4931640
4934082
4936523
4938964
4941406
4943847
4946289
4948730
4951171
4953613
4956054
4958496
4960937
4963378
4965820
4968261
4970703
4973144
4975585
4978027
4980468
4982910
4985351
4987792
4990234
4992675
4995117
4997558
5000000
5002441
5004882
5007324
5009765
5012207
5014648
5017089
5019531
5021972
5024414
5026855
5029296
5031738
5034179
5036621
5039062
5041503
5043945
5046386
5048828
5051269
5053710
5056152
5058593
5061035
5063476
5065917
5068359
5070800
5073242
5075683
5078125
5080566
5083007
5085449
5087890
5090332
5092773
5095214
5097656
5100097
5102539
5104980
5107421
5109863
5112304
5114746
5117187
5119628
5122070
5124511
5126953
5129394
5131835
5134277
5136718
5139160
5141601
5144042
5146484
5148925
5151367
5153808
5156250
5158691
5161132
5163574
5166015
5168457
5170898
5173339
5175781
5178222
5180664
5183105
5185546
5187988
5190429
5192871
5195312
5197753
5200195
5202636
5205078
5207519
5209960
5212402
5214843
5217285
5219726
5222167
5224609
5227050
5229492
5231933
5234375
5236816
5239257
5241699
5244140
5246582
5249023
5251464
5253906
5256347
5258789
5261230
5263671
5266113
5268554
5270996
5273437
5275878
5278320
5280761
5283203
5285644
5288085
5290527
5292968
5295410
5297851
5300292
5302734
5305175
5307617
5310058
5312500
5314941
5317382
5319824
5322265
5324707
5327148
5329589
5332031
5334472
5336914
5339355
5341796
5344238
5346679
5349121
5351562
5354003
5356445
5358886
5361328
5363769
5366210
5368652
5371093
5373535
5375976
5378417
5380859
5383300
5385742
5388183
5390625
5393066
5395507
5397949
5400390
5402832
5405273
5407714
5410156
5412597
5415039
5417480
5419921
5422363
5424804
5427246
5429687
5432128
5434570
5437011
5439453
5441894
5444335
5446777
5449218
5451660
5454101
5456542
5458984
5461425
5463867
5466308
5468750
5471191
5473632
5476074
5478515
5480957
5483398
5485839
5488281
5490722
5493164
5495605
5498046
5500488
5502929
5505371
5507812
5510253
5512695
5515136
5517578
5520019
5522460
5524902
5527343
5529785
5532226
5534667
5537109
5539550
5541992
5544433
5546875
5549316
5551757
5554199
5556640
5559082
5561523
5563964
5566406
5568847
5571289
5573730
5576171
5578613
5581054
5583496
5585937
5588378
5590820
5593261
5595703
5598144
5600585
5603027
5605468
5607910
5610351
5612792
5615234
5617675
5620117
5622558
5625000
5627441
5629882
5632324
5634765
5637207
5639648
5642089
5644531
5646972
5649414
5651855
5654296
5656738
5659179
5661621
5664062
5666503
5668945
5671386
5673828
5676269
5678710
5681152
5683593
5686035
5688476
5690917
5693359
5695800
5698242
5700683
5703125
5705566
5708007
5710449
5712890
5715332
5717773
5720214
5722656
5725097
5727539
5729980
5732421
5734863
5737304
5739746
5742187
5744628
5747070
5749511
5751953
5754394
5756835
5759277
5761718
5764160
5766601
5769042
5771484
5773925
5776367
5778808
5781250
5783691
5786132
5788574
5791015
5793457
5795898
5798339
5800781
5803222
5805664
5808105
5810546
5812988
5815429
5817871
5820312
5822753
5825195
5827636
5830078
5832519
5834960
5837402
5839843
5842285
5844726
5847167
5849609
5852050
5854492
5856933
5859375
5861816
5864257
5866699
5869140
5871582
5874023
5876464
5878906
5881347
5883789
5886230
5888671
5891113
5893554
5895996
5898437
5900878
5903320
5905761
5908203
5910644
5913085
5915527
5917968
5920410
5922851
5925292
5927734
5930175
5932617
5935058
5937500
5939941
5942382
5944824
5947265
5949707
5952148
5954589
5957031
5959472
5961914
5964355
5966796
5969238
5971679
5974121
5976562
5979003
5981445
5983886
5986328
5988769
5991210
5993652
5996093
5998535
6000976
6003417
6005859
6008300
6010742
6013183
6015625
6018066
6020507
6022949
6025390
6027832
6030273
6032714
6035156
6037597
6040039
6042480
6044921
6047363
6049804
6052246
6054687
6057128
6059570
6062011
6064453
6066894
6069335
6071777
6074218
6076660
6079101
6081542
6083984
6086425
6088867
6091308
6093750
6096191
6098632
6101074
6103515
6105957
6108398
6110839
6113281
6115722
6118164
6120605
6123046
6125488
6127929
6130371
6132812
6135253
6137695
6140136
6142578
6145019
6147460
6149902
6152343
6154785
6157226
6159667
6162109
6164550
6166992
6169433
6171875
6174316
6176757
6179199
6181640
6184082
6186523
6188964
6191406
6193847
6196289
6198730
6201171
6203613
6206054
6208496
6210937
6213378
6215820
6218261
6220703
6223144
6225585
6228027
6230468
6232910
6235351
6237792
6240234
6242675
6245117
6247558
6250000
6252441
6254882
6257324
6259765
6262207
6264648
6267089
6269531
6271972
6274414
6276855
6279296
6281738
6284179
6286621
6289062
6291503
6293945
6296386
6298828
6301269
6303710
6306152
6308593
6311035
6313476
6315917
6318359
6320800
6323242
6325683
6328125
6330566
6333007
6335449
6337890
6340332
6342773
6345214
6347656
6350097
6352539
6354980
6357421
6359863
6362304
6364746
6367187
6369628
6372070
6374511
6376953
6379394
6381835
6384277
6386718
6389160
6391601
6394042
6396484
6398925
6401367
6403808
6406250
6408691
6411132
6413574
6416015
6418457
6420898
6423339
6425781
6428222
6430664
6433105
6435546
6437988
6440429
6442871
6445312
6447753
6450195
6452636
6455078
6457519
6459960
6462402
6464843
6467285
6469726
6472167
6474609
6477050
6479492
6481933
6484375
6486816
6489257
6491699
6494140
6496582
6499023
6501464
6503906
6506347
6508789
6511230
6513671
6516113
6518554
6520996
6523437
6525878
6528320
6530761
6533203
6535644
6538085
6540527
6542968
6545410
6547851
6550292
6552734
6555175
6557617
6560058
6562500
6564941
6567382
6569824
6572265
6574707
6577148
6579589
6582031
6584472
6586914
6589355
6591796
6594238
6596679
6599121
6601562
6604003
6606445
6608886
6611328
6613769
6616210
6618652
6621093
6623535
6625976
6628417
6630859
6633300
6635742
6638183
6640625
6643066
6645507
6647949
6650390
6652832
6655273
6657714
6660156
6662597
6665039
6667480
6669921
6672363
6674804
6677246
6679687
6682128
6684570
6687011
6689453
6691894
6694335
6696777
6699218
6701660
6704101
6706542
6708984
6711425
6713867
6716308
6718750
6721191
6723632
6726074
6728515
6730957
6733398
6735839
6738281
6740722
6743164
6745605
6748046
6750488
6752929
6755371
6757812
6760253
6762695
6765136
6767578
6770019
6772460
6774902
6777343
6779785
6782226
6784667
6787109
6789550
6791992
6794433
6796875
6799316
6801757
6804199
6806640
6809082
6811523
6813964
6816406
6818847
6821289
6823730
6826171
6828613
6831054
6833496
6835937
6838378
6840820
6843261
6845703
6848144
6850585
6853027
6855468
6857910
6860351
6862792
6865234
6867675
6870117
6872558
6875000
6877441
6879882
6882324
6884765
6887207
6889648
6892089
6894531
6896972
6899414
6901855
6904296
6906738
6909179
6911621
6914062
6916503
6918945
6921386
6923828
6926269
6928710
6931152
6933593
6936035
6938476
6940917
6943359
6945800
6948242
6950683
6953125
6955566
6958007
6960449
6962890
6965332
6967773
6970214
6972656
6975097
6977539
6979980
6982421
6984863
6987304
6989746
6992187
6994628
6997070
6999511
7001953
7004394
7006835
7009277
7011718
7014160
7016601
7019042
7021484
7023925
7026367
7028808
7031250
7033691
7036132
7038574
7041015
7043457
7045898
7048339
7050781
7053222
7055664
7058105
7060546
7062988
7065429
7067871
7070312
7072753
7075195
7077636
7080078
7082519
7084960
7087402
7089843
7092285
7094726
7097167
7099609
7102050
7104492
7106933
7109375
7111816
7114257
7116699
7119140
7121582
7124023
7126464
7128906
7131347
7133789
7136230
7138671
7141113
7143554
7145996
7148437
7150878
7153320
7155761
7158203
7160644
7163085
7165527
7167968
7170410
7172851
7175292
7177734
7180175
7182617
7185058
7187500
7189941
7192382
7194824
7197265
7199707
7202148
7204589
7207031
7209472
7211914
7214355
7216796
7219238
7221679
7224121
7226562
7229003
7231445
7233886
7236328
7238769
7241210
7243652
7246093
7248535
7250976
7253417
7255859
7258300
7260742
7263183
7265625
7268066
7270507
7272949
7275390
7277832
7280273
7282714
7285156
7287597
7290039
7292480
7294921
7297363
7299804
7302246
7304687
7307128
7309570
7312011
7314453
7316894
7319335
7321777
7324218
7326660
7329101
7331542
7333984
7336425
7338867
7341308
7343750
7346191
7348632
7351074
7353515
7355957
7358398
7360839
7363281
7365722
7368164
7370605
7373046
7375488
7377929
7380371
7382812
7385253
7387695
7390136
7392578
7395019
7397460
7399902
7402343
7404785
7407226
7409667
7412109
7414550
7416992
7419433
7421875
7424316
7426757
7429199
7431640
7434082
7436523
7438964
7441406
7443847
7446289
7448730
7451171
7453613
7456054
7458496
7460937
7463378
7465820
7468261
7470703
7473144
7475585
7478027
7480468
7482910
7485351
7487792
7490234
7492675
7495117
7497558
7500000
7502441
7504882
7507324
7509765
7512207
7514648
7517089
7519531
7521972
7524414
7526855
7529296
7531738
7534179
7536621
7539062
7541503
7543945
7546386
7548828
7551269
7553710
7556152
7558593
7561035
7563476
7565917
7568359
7570800
7573242
7575683
7578125
7580566
7583007
7585449
7587890
7590332
7592773
7595214
7597656
7600097
7602539
7604980
7607421
7609863
7612304
7614746
7617187
7619628
7622070
7624511
7626953
7629394
7631835
7634277
7636718
7639160
7641601
7644042
7646484
7648925
7651367
7653808
7656250
7658691
7661132
7663574
7666015
7668457
7670898
7673339
7675781
7678222
7680664
7683105
7685546
7687988
7690429
7692871
7695312
7697753
7700195
7702636
7705078
7707519
7709960
7712402
7714843
7717285
7719726
7722167
7724609
7727050
7729492
7731933
7734375
7736816
7739257
7741699
7744140
7746582
7749023
7751464
7753906
7756347
7758789
7761230
7763671
7766113
7768554
7770996
7773437
7775878
7778320
7780761
7783203
7785644
7788085
7790527
7792968
7795410
7797851
7800292
7802734
7805175
7807617
7810058
7812500
7814941
7817382
7819824
7822265
7824707
7827148
7829589
7832031
7834472
7836914
7839355
7841796
7844238
7846679
7849121
7851562
7854003
7856445
7858886
7861328
7863769
7866210
7868652
7871093
7873535
7875976
7878417
7880859
7883300
7885742
7888183
7890625
7893066
7895507
7897949
7900390
7902832
7905273
7907714
7910156
7912597
7915039
7917480
7919921
7922363
7924804
7927246
7929687
7932128
7934570
7937011
7939453
7941894
7944335
7946777
7949218
7951660
7954101
7956542
7958984
7961425
7963867
7966308
7968750
7971191
7973632
7976074
7978515
7980957
7983398
7985839
7988281
7990722
7993164
7995605
7998046
8000488
8002929
8005371
8007812
8010253
8012695
8015136
8017578
8020019
8022460
8024902
8027343
8029785
8032226
8034667
8037109
8039550
8041992
8044433
8046875
8049316
8051757
8054199
8056640
8059082
8061523
8063964
8066406
8068847
8071289
8073730
8076171
8078613
8081054
8083496
8085937
8088378
8090820
8093261
8095703
8098144
8100585
8103027
8105468
8107910
8110351
8112792
8115234
8117675
8120117
8122558
8125000
8127441
8129882
8132324
8134765
8137207
8139648
8142089
8144531
8146972
8149414
8151855
8154296
8156738
8159179
8161621
8164062
8166503
8168945
8171386
8173828
8176269
8178710
8181152
8183593
8186035
8188476
8190917
8193359
8195800
8198242
8200683
8203125
8205566
8208007
8210449
8212890
8215332
8217773
8220214
8222656
8225097
8227539
8229980
8232421
8234863
8237304
8239746
8242187
8244628
8247070
8249511
8251953
8254394
8256835
8259277
8261718
8264160
8266601
8269042
8271484
8273925
8276367
8278808
8281250
8283691
8286132
8288574
8291015
8293457
8295898
8298339
8300781
8303222
8305664
8308105
8310546
8312988
8315429
8317871
8320312
8322753
8325195
8327636
8330078
8332519
8334960
8337402
8339843
8342285
8344726
8347167
8349609
8352050
8354492
8356933
8359375
8361816
8364257
8366699
8369140
8371582
8374023
8376464
8378906
8381347
8383789
8386230
8388671
8391113
8393554
8395996
8398437
8400878
8403320
8405761
8408203
8410644
8413085
8415527
8417968
8420410
8422851
8425292
8427734
8430175
8432617
8435058
8437500
8439941
8442382
8444824
8447265
8449707
8452148
8454589
8457031
8459472
8461914
8464355
8466796
8469238
8471679
8474121
8476562
8479003
8481445
8483886
8486328
8488769
8491210
8493652
8496093
8498535
8500976
8503417
8505859
8508300
8510742
8513183
8515625
8518066
8520507
8522949
8525390
8527832
8530273
8532714
8535156
8537597
8540039
8542480
8544921
8547363
8549804
8552246
8554687
8557128
8559570
8562011
8564453
8566894
8569335
8571777
8574218
8576660
8579101
8581542
8583984
8586425
8588867
8591308
8593750
8596191
8598632
8601074
8603515
8605957
8608398
8610839
8613281
8615722
8618164
8620605
8623046
8625488
8627929
8630371
8632812
8635253
8637695
8640136
8642578
8645019
8647460
8649902
8652343
8654785
8657226
8659667
8662109
8664550
8666992
8669433
8671875
8674316
8676757
8679199
8681640
8684082
8686523
8688964
8691406
8693847
8696289
8698730
8701171
8703613
8706054
8708496
8710937
8713378
8715820
8718261
8720703
8723144
8725585
8728027
8730468
8732910
8735351
8737792
8740234
8742675
8745117
8747558
8750000
8752441
8754882
8757324
8759765
8762207
8764648
8767089
8769531
8771972
8774414
8776855
8779296
8781738
8784179
8786621
8789062
8791503
8793945
8796386
8798828
8801269
8803710
8806152
8808593
8811035
8813476
8815917
8818359
8820800
8823242
8825683
8828125
8830566
8833007
8835449
8837890
8840332
8842773
8845214
8847656
8850097
8852539
8854980
8857421
8859863
8862304
8864746
8867187
8869628
8872070
8874511
8876953
8879394
8881835
8884277
8886718
8889160
8891601
8894042
8896484
8898925
8901367
8903808
8906250
8908691
8911132
8913574
8916015
8918457
8920898
8923339
8925781
8928222
8930664
8933105
8935546
8937988
8940429
8942871
8945312
8947753
8950195
8952636
8955078
8957519
8959960
8962402
8964843
8967285
8969726
8972167
8974609
8977050
8979492
8981933
8984375
8986816
8989257
8991699
8994140
8996582
8999023
9001464
9003906
9006347
9008789
9011230
9013671
9016113
9018554
9020996
9023437
9025878
9028320
9030761
9033203
9035644
9038085
9040527
9042968
9045410
9047851
9050292
9052734
9055175
9057617
9060058
9062500
9064941
9067382
9069824
9072265
9074707
9077148
9079589
9082031
9084472
9086914
9089355
9091796
9094238
9096679
9099121
9101562
9104003
9106445
9108886
9111328
9113769
9116210
9118652
9121093
9123535
9125976
9128417
9130859
9133300
9135742
9138183
9140625
9143066
9145507
9147949
9150390
9152832
9155273
9157714
9160156
9162597
9165039
9167480
9169921
9172363
9174804
9177246
9179687
9182128
9184570
9187011
9189453
9191894
9194335
9196777
9199218
9201660
9204101
9206542
9208984
9211425
9213867
9216308
9218750
9221191
9223632
9226074
9228515
9230957
9233398
9235839
9238281
9240722
9243164
9245605
9248046
9250488
9252929
9255371
9257812
9260253
9262695
9265136
9267578
9270019
9272460
9274902
9277343
9279785
9282226
9284667
9287109
9289550
9291992
9294433
9296875
9299316
9301757
9304199
9306640
9309082
9311523
9313964
9316406
9318847
9321289
9323730
9326171
9328613
9331054
9333496
9335937
9338378
9340820
9343261
9345703
9348144
9350585
9353027
9355468
9357910
9360351
9362792
9365234
9367675
9370117
9372558
9375000
9377441
9379882
9382324
9384765
9387207
9389648
9392089
9394531
9396972
9399414
9401855
9404296
9406738
9409179
9411621
9414062
9416503
9418945
9421386
9423828
9426269
9428710
9431152
9433593
9436035
9438476
9440917
9443359
9445800
9448242
9450683
9453125
9455566
9458007
9460449
9462890
9465332
9467773
9470214
9472656
9475097
9477539
9479980
9482421
9484863
9487304
9489746
9492187
9494628
9497070
9499511
9501953
9504394
9506835
9509277
9511718
9514160
9516601
9519042
9521484
9523925
9526367
9528808
9531250
9533691
9536132
9538574
9541015
9543457
9545898
9548339
9550781
9553222
9555664
9558105
9560546
9562988
9565429
9567871
9570312
9572753
9575195
9577636
9580078
9582519
9584960
9587402
9589843
9592285
9594726
9597167
9599609
9602050
9604492
9606933
9609375
9611816
9614257
9616699
9619140
9621582
9624023
9626464
9628906
9631347
9633789
9636230
9638671
9641113
9643554
9645996
9648437
9650878
9653320
9655761
9658203
9660644
9663085
9665527
9667968
9670410
9672851
9675292
9677734
9680175
9682617
9685058
9687500
9689941
9692382
9694824
9697265
9699707
9702148
9704589
9707031
9709472
9711914
9714355
9716796
9719238
9721679
9724121
9726562
9729003
9731445
9733886
9736328
9738769
9741210
9743652
9746093
9748535
9750976
9753417
9755859
9758300
9760742
9763183
9765625
9768066
9770507
9772949
9775390
9777832
9780273
9782714
9785156
9787597
9790039
9792480
9794921
9797363
9799804
9802246
9804687
9807128
9809570
9812011
9814453
9816894
9819335
9821777
9824218
9826660
9829101
9831542
9833984
9836425
9838867
9841308
9843750
9846191
9848632
9851074
9853515
9855957
9858398
9860839
9863281
9865722
9868164
9870605
9873046
9875488
9877929
9880371
9882812
9885253
9887695
9890136
9892578
9895019
9897460
9899902
9902343
9904785
9907226
9909667
9912109
9914550
9916992
9919433
9921875
9924316
9926757
9929199
9931640
9934082
9936523
9938964
9941406
9943847
9946289
9948730
9951171
9953613
9956054
9958496
9960937
9963378
9965820
9968261
9970703
9973144
9975585
9978027
9980468
9982910
9985351
9987792
9990234
9992675
9995117
9997558
